3

4 3
3 4 1
2 2 5
2 4 2
2 2 1
1
2

30 1
1
2
3
4
5
6
7
8
9
10
11
12
13
14
15
16
17
18
19
20
21
22
23
24
25
26
27
28
29
30
1
1

30 30
1 2 70 4 5 6 36 37 38 39 40 85 70 14 15 16 17 18 19 20 21 22 23 24 25 26 27 28 29 85
2 3 69 4 5 6 36 37 38 39 40 79 69 14 15 16 17 18 19 20 21 22 23 24 25 26 27 28 29 84
3 4 68 4 5 6 36 37 38 39 40 73 68 14 15 16 17 18 19 20 21 22 23 24 25 26 27 28 29 83
4 5 67 4 5 6 36 37 38 39 40 67 67 14 15 16 17 18 19 20 21 22 23 24 25 26 27 28 29 82
5 6 66 4 5 6 36 37 38 39 40 61 66 14 15 16 17 18 19 20 21 22 23 24 25 26 27 28 29 81
6 7 65 4 5 6 36 37 38 39 40 55 65 14 15 16 17 18 19 20 21 22 23 24 25 26 27 28 29 80
7 8 64 4 5 6 36 37 38 39 40 49 64 14 15 16 17 18 19 20 21 22 23 24 25 26 27 28 29 79
8 9 63 4 5 6 36 37 38 39 40 43 63 14 15 15 15 18 19 20 21 22 23 24 25 26 27 28 29 78
9 10 62 4 5 6 36 37 38 39 40 37 62 14 15 16 17 18 19 20 21 22 23 24 25 26 27 28 29 77
10 11 61 4 5 6 36 37 38 39 40 31 61 40 41 42 41 18 19 20 21 22 23 24 25 26 27 28 29 76
11 12 60 4 5 6 36 37 38 39 40 25 60 41 15 42 17 18 19 20 21 22 23 24 25 26 27 28 29 75
12 13 59 4 5 6 7 8 9 10 11 19 59 42 15 16 17 18 19 20 21 22 23 24 25 26 27 28 29 74
13 14 58 4 5 6 7 8 9 10 11 13 58 43 15 16 17 18 19 20 21 22 23 24 25 26 27 28 29 73
14 15 57 4 5 6 7 8 9 10 11 7 57 44 15 16 17 18 19 20 21 22 23 24 25 26 27 28 29 72
15 16 56 4 5 6 7 8 9 10 11 85 56 45 15 16 17 18 19 20 21 22 23 24 25 26 27 28 29 71
16 17 55 4 5 6 7 8 9 10 11 85 55 46 15 16 17 18 19 20 21 22 23 24 25 26 27 28 29 70
17 18 54 4 5 6 7 8 9 10 11 85 54 47 15 16 17 18 19 20 21 22 23 24 25 26 27 28 29 69
18 19 53 4 5 6 7 8 9 10 11 85 53 48 15 16 17 18 19 20 21 22 23 24 25 26 27 28 29 68
19 20 52 4 5 6 7 8 9 10 11 85 52 14 15 16 17 18 19 20 21 22 23 24 25 26 27 28 29 67
20 21 51 4 5 6 7 8 9 10 11 85 51 14 15 16 17 18 19 20 21 22 23 24 25 26 27 28 29 66
21 22 50 4 5 6 7 8 9 10 11 85 50 14 15 16 17 18 19 20 21 22 23 24 25 26 27 28 29 65
22 23 49 4 5 6 7 8 9 10 11 85 49 14 15 16 17 18 19 20 21 22 23 24 25 26 27 28 29 64
23 24 48 4 5 6 7 8 9 10 11 85 48 14 15 16 17 18 19 20 21 22 23 24 25 26 27 28 29 63
24 25 47 4 5 6 7 8 9 10 11 85 47 14 15 16 17 18 19 20 21 22 23 24 25 26 27 28 29 62
25 26 46 4 5 6 7 8 9 10 11 85 46 14 15 16 17 18 19 20 21 22 23 24 25 26 27 28 29 61
26 27 45 4 5 6 7 8 9 10 11 85 45 14 15 16 17 18 19 20 21 22 23 24 25 26 27 28 29 60
27 28 44 4 5 6 7 8 9 10 11 85 44 14 15 16 17 18 19 20 21 22 23 24 25 26 27 28 29 59
28 29 43 4 5 6 7 8 9 10 11 85 43 14 15 16 17 18 19 20 21 22 23 24 25 26 27 28 29 58
29 30 42 4 5 6 7 8 9 10 11 85 42 14 15 16 17 18 19 20 21 22 23 24 25 26 27 28 29 57
30 31 40 33 34 35 36 37 38 39 40 85 40 14 15 16 17 71 71 71 71 71 71 71 71 71 71 71 58 56
3
2 1 30
